0
1
10
100
1000
1003
1004
1005
1006
1009
101
1010
1011
1013
1014
1015
1016
1017
1018
1019
102
1021
1022
1023
1024
1025
1027
1029
103
1030
1031
1032
1034
1035
1036
1039
1040
1041
1043
1044
1045
1046
1047
1048
1049
105
1050
1051
1052
1053
1054
1056
1057
1058
1059
106
1060
1061
1062
1063
1064
1065
1066
1067
1068
1069
107
1070
1071
1072
1073
1074
1075
1077
1078
1079
1080
1083
1084
1086
1087
1089
109
1090
1094
1095
1096
1097
1098
1099
11
110
1100
1102
1104
1105
1106
1107
1108
1109
111
1111
1112
1113
1114
1115
1116
1117
1119
112
1120
1121
1123
1124
1125
1126
1127
1128
1129
113
1130
1131
1134
1135
1139
114
1140
1144
1145
1146
1148
1149
115
1151
1152
1153
1155
1156
1157
1158
1159
1160
1161
1162
1164
1167
1169
117
1170
1171
1172
1173
1174
1175
1177
1178
1179
1180
1181
1183
1184
1185
1187
1188
1189
119
1192
1193
1194
1195
1196
1197
1198
1199
120
1201
1202
1203
1204
1205
1206
121
1210
1212
1213
1214
1215
1216
1217
122
1221
1223
1224
1225
1226
1227
1228
1230
1232
1233
1234
1236
1237
1238
1239
124
1240
1241
1243
1244
1245
1247
1248
125
1250
1252
1253
1254
1255
1256
1257
1258
1259
126
1261
1263
1264
1265
1266
1267
1268
127
1270
1271
1272
1273
1275
1276
1278
1279
128
1280
1282
1284
1285
1286
1287
1288
1289
1290
1291
1292
1293
1294
1296
1297
1298
1299
13
130
1300
1301
1302
1303
1304
1305
1307
1308
1309
131
1310
1311
1312
1313
1314
1315
1316
1317
132
1320
1321
1323
1324
1326
1327
1328
1329
133
1330
1331
1333
1334
1335
1337
1338
1339
134
1340
1341
1343
1344
1345
1346
1348
1349
135
1350
1351
1352
1353
1354
1355
1356
1357
1358
1359
136
1362
1363
1364
1365
1367
1368
1369
137
1370
1371
1372
1373
1374
1375
1376
1377
1378
1379
1380
1381
1382
1383
1384
1385
1386
1388
1389
139
1390
1391
1392
1393
1394
1396
1397
1398
1399
14
1400
1401
1402
1403
1404
1405
1406
1407
1408
1409
141
1410
1411
1412
1415
1416
1417
1418
1419
142
1420
1421
1422
1423
1425
1426
1429
143
1430
1431
1432
1433
1434
1435
1438
1439
144
1440
1441
1442
1444
1445
1446
1447
1448
1449
1450
1451
1452
1454
1457
1458
1459
146
1460
1461
1463
1466
1467
1468
1469
147
1470
1471
1475
1477
1479
148
1481
1482
1483
1484
1485
1486
1487
1489
1490
1491
1492
1493
1494
1495
1496
1497
1498
1499
15
150
1500
1501
1502
1504
1505
1506
1507
1508
1509
1510
1511
1513
1514
1515
1516
1517
1518
152
1521
1522
1523
1524
1525
1526
1529
153
1531
1532
1533
1534
1535
1536
1537
1539
154
1540
1541
1544
1546
1547
1548
1549
155
1551
1553
1554
1556
1557
1558
156
1560
1562
1565
1566
1568
1569
157
1570
1572
1573
1574
1575
1578
158
1580
1582
1583
1584
1586
1587
1588
1589
159
1590
1591
1592
1593
1594
1595
1596
1597
1598
1599
16
160
1600
1601
1602
1603
1604
1607
1608
1609
161
1610
1611
1612
1613
1616
1617
1618
162
1620
1621
1622
1623
1624
1625
1626
1627
1628
1629
163
1630
1631
1633
1634
1635
1636
1637
1638
1639
1640
1644
1645
1646
1647
1648
1649
165
1650
1651
1652
1654
1655
1656
1657
1658
1659
1660
1661
1662
1664
1665
1666
1667
1669
167
1670
1671
1673
1675
1677
1678
1679
168
1680
1681
1683
1685
1686
1688
1689
169
1690
1691
1692
1695
1696
1697
1699
17
170
1700
1702
1703
1704
1706
1707
1708
1709
1710
1711
1712
1715
1716
1718
1719
172
1720
1721
1722
1723
1724
1725
1728
1729
173
1730
1731
1732
1733
1734
1735
1736
1738
1739
174
1740
1741
1743
1744
1745
1746
1748
175
1750
1751
1752
1753
1754
1755
1756
1757
1758
1759
1760
1761
1762
1763
1765
1766
1767
1768
1769
177
1770
1771
1772
1773
1774
1775
1776
1777
1778
1779
178
1780
1781
1782
1783
1784
1786
1787
1788
1789
179
1790
1791
1792
1794
1797
1798
18
1800
1801
1802
1803
1804
1805
1807
1809
181
1811
1812
1813
1814
1815
1816
1817
1818
1820
1823
1824
1825
1826
1827
1828
183
1830
1831
1834
1835
1836
1837
184
1840
1842
1843
1845
1846
1847
1848
1849
185
1850
1851
1853
1854
1855
1856
1859
186
1860
1862
1863
1864
1865
1867
1868
1869
187
1870
1871
1872
1873
1874
1875
1876
1877
1879
188
1880
1881
1883
1884
1885
1886
1889
189
1890
1891
1892
1894
1895
1896
1897
1898
1899
19
190
1900
1902
1903
1904
1905
1906
1908
1909
191
1910
1911
1912
1913
1914
1915
1916
1917
1918
1919
192
1920
1921
1922
1923
1924
1928
193
1930
1931
1932
1935
1937
1939
194
1940
1941
1943
1946
1947
1948
1949
195
1950
1953
1954
1955
1956
1957
1959
196
1960
1961
1962
1964
1965
1966
1967
1968
1969
197
1970
1971
1972
1973
1974
1976
1978
198
1980
1982
1984
1985
1986
1987
1988
1989
199
1991
1992
1993
1994
1995
1997
1998
1999
2
200
2001
2002
2003
2006
2007
2008
2009
201
2010
2011
2013
2014
2015
2016
2017
2018
2019
202
2020
2021
2022
2023
2024
2025
2026
2027
2028
203
2031
2032
2033
2034
2035
2036
2037
2038
2039
204
2040
2043
2046
2047
2048
2049
205
2050
2052
2053
2054
2055
2058
2059
206
2060
2062
2063
2064
2065
2066
2067
2068
2069
207
2070
2071
2073
2074
2076
2077
2078
2081
2082
2083
2084
2085
2086
2087
2088
2089
209
2091
2092
2093
2094
2095
2096
2097
2098
2099
21
210
2100
2101
2102
2103
2104
2105
2106
2108
2109
2110
2112
2113
2114
2115
2116
2118
2119
212
2120
2123
2124
2125
2126
2128
2129
213
2131
2134
2135
2137
2138
2139
214
2140
2141
2142
2143
2144
2145
2146
2147
2148
2149
215
2150
2151
2154
2159
216
2160
2161
2162
2163
2164
2165
2166
2167
2169
217
2170
2171
2172
2173
2174
2175
2177
2178
2179
218
2181
2182
2183
2184
2186
2187
2188
2189
219
2191
2192
2193
2194
2195
2196
2197
2198
2199
22
220
2200
2201
2202
2203
2205
2206
2207
2208
2209
221
2210
2212
2214
2215
2216
2217
2218
2219
222
2220
2221
2222
2223
2224
2225
2226
2228
2229
223
2230
2231
2232
2233
2235
2236
2238
2239
2240
2241
2244
2245
2246
2247
2248
2249
225
2250
2251
2252
2253
2254
2255
2257
2258
2259
226
2260
2261
2262
2263
2264
2265
2266
2269
227
2270
2271
2272
2273
2274
2275
2276
2277
2278
2279
228
2281
2283
2284
2286
2287
2289
2290
2292
2293
2294
2295
2296
2297
23
230
2301
2302
2305
2306
2307
2308
2309
231
2310
2311
2312
2313
2314
2315
2316
2318
2319
232
2320
2321
2322
2323
2324
2325
2326
2328
2329
233
2330
2331
2332
2333
2334
2335
2336
2337
2339
234
2340
2341
2342
2343
2346
2347
2348
2349
235
2351
2352
2353
2354
2355
2356
2357
2358
2359
236
2360
2363
2364
2366
2367
2368
2369
2371
2372
2373
2375
2376
2377
2378
2379
238
2380
2382
2383
2384
2385
2386
2387
2389
2390
2391
2392
2393
2394
2395
2396
24
240
2400
2401
2402
2403
2404
2405
2406
2407
2408
2409
241
2410
2411
2412
2413
2414
2415
2417
2418
2419
242
2420
2421
2423
2424
2426
2427
2428
2429
243
2430
2432
2433
2434
2435
2437
2438
2439
244
2440
2443
2444
2447
2448
2449
2450
2451
2452
2453
2454
2457
246
2460
2461
2462
2463
2464
2466
2467
2468
247
2470
2472
2474
2475
2476
2477
2479
248
2481
2482
2483
2484
2485
2486
2489
249
2490
2491
2492
2493
2494
2497
2498
2499
25
2500
2503
2505
2506
2507
2508
251
2510
2511
2512
2514
2515
2516
2517
2518
2519
252
2520
2522
2523
2524
2525
2526
2527
2528
2529
2530
2531
2533
2534
2535
2536
2537
2539
254
2541
2542
2543
2545
2546
2547
2548
255
2550
2551
2552
2553
2554
2556
2557
2559
256
2560
2561
2562
2563
2564
2565
2566
2567
2568
2569
2570
2571
2572
2573
2574
2575
2576
2577
2578
2579
258
2580
2581
2582
2583
2584
2585
2586
2587
2588
2589
259
2590
2591
2593
2594
2595
2596
2597
2599
26
260
2600
2601
2602
2603
2605
2606
2608
261
2611
2612
2614
2615
2617
262
2620
2621
2623
2625
2626
2628
2629
2630
2631
2632
2633
2635
2636
2637
264
2640
2641
2642
2643
2644
2645
2647
2648
2649
265
2650
2651
2653
2654
2655
2656
2658
266
2660
2662
2663
2664
2665
2666
2667
2668
267
2670
2671
2672
2673
2676
2677
2678
2679
268
2680
2681
2682
2683
2684
2685
2686
2687
2688
2689
2690
2693
2694
2695
2696
2699
27
2700
2702
2703
2704
2705
2707
2708
2709
271
2710
2711
2712
2713
2714
2715
2716
2718
2719
272
2720
2722
2723
2724
2725
2728
2729
273
2730
2732
2733
2734
2735
2736
2737
2738
2739
274
2741
2742
2743
2744
2745
2746
2747
2749
275
2751
2752
2753
2754
2758
2759
2760
2761
2762
2763
2764
2765
2767
2768
2769
277
2770
2771
2773
2774
2775
2776
2777
2778
2779
278
2780
2781
2782
2783
2784
2786
2788
2789
279
2790
2791
2792
2793
2794
2795
2796
2797
2798
2799
280
2800
2801
2802
2805
2806
2807
2809
281
2811
2812
2813
2814
2815
2816
2817
2818
2819
282
2821
2822
2823
2824
2826
2827
2828
2829
2830
2831
2832
2834
2835
2836
2837
2838
284
2841
2843
2844
2845
2847
2849
285
2850
2852
2853
2854
2855
2856
2857
2858
2859
286
2860
2861
2862
2863
2866
2867
2868
2869
287
2870
2871
2872
2873
2874
2875
2876
2877
2878
2879
288
2881
2882
2883
2884
2885
2886
2887
2888
2889
289
2890
2891
2893
2896
2897
2898
2899
29
290
2900
2901
2902
2903
2904
2906
2907
2908
2909
291
2910
2912
2913
2917
2918
2919
292
2921
2922
2923
2924
2925
2926
2927
2928
2929
293
2930
2932
2933
2934
2935
2936
2937
2938
2939
294
2941
2942
2943
2944
2945
2946
2947
2948
2949
295
2950
2951
2952
2953
2954
2955
2956
2958
2959
296
2960
2962
2963
2965
2966
2968
2969
297
2970
2971
2974
2975
2977
2978
2979
298
2980
2981
2983
2984
2986
2987
299
2990
2991
2992
2993
2994
2996
2997
2998
2999
3
30
300
3000
3001
3002
3003
3004
3006
3007
3009
301
3010
3012
3013
3014
3015
3016
3018
3019
3021
3022
3023
3024
3025
3027
3028
3029
303
3030
3031
3032
3033
3034
3037
3038
3039
304
3040
3041
3042
3043
3044
3045
3046
3047
3050
3053
3054
3055
3056
3057
3058
3059
3060
3061
3062
3063
3064
3065
3066
3067
3068
3069
307
3073
3074
3075
3076
3077
308
3080
3081
3082
3083
3084
3085
3087
3088
309
3090
3091
3092
3094
3096
3098
3100
3101
3102
3103
3104
3105
3106
3107
3109
311
3110
3111
3112
3114
3115
3116
3117
3118
312
3120
3121
3123
3125
3126
3127
3128
3129
313
3130
3131
3132
3133
3134
3135
3136
3137
3138
314
3140
3141
3142
3143
3144
3146
3148
3149
315
3150
3151
3153
3156
3157
3158
316
3160
3161
3163
3165
3166
3167
3169
317
3170
3171
3173
3174
3176
3177
3178
3179
318
3181
3182
3183
3184
3185
3187
3189
3190
3191
3192
3194
3195
3196
3198
3199
32
320
3200
3201
3202
3203
3204
3205
3206
3207
3208
321
3210
3211
3212
3213
3214
3215
3216
3217
3218
3220
3221
3222
3224
3225
3227
3228
3229
3230
3231
3232
3233
3234
3236
3237
3238
3239
324
3240
3241
3242
3244
3245
3246
3247
3248
3249
325
3250
3251
3252
3253
3254
3255
3256
3257
3258
3259
326
3261
3262
3263
3264
3265
3266
3267
3268
3269
3270
3271
3272
3273
3274
3275
3276
3278
3279
328
3281
3282
3283
3284
3285
3286
3287
3288
3289
329
3291
3292
3294
3296
3299
33
3300
3301
3302
3303
3306
3307
3308
3309
331
3310
3311
3312
3314
3315
3317
3318
3319
3322
3323
3324
3327
3328
3329
333
3330
3331
3332
3335
3336
3337
3338
334
3341
3342
3343
3344
3345
3346
3347
3349
335
3350
3351
3352
3353
3355
3356
3357
3358
3359
336
3360
3362
3363
3364
3365
3367
3368
3369
337
3370
3372
3373
3374
3375
3376
3377
3379
338
3380
3382
3383
3384
3385
3387
3388
3389
339
3391
3392
3393
3394
3395
3396
3397
3398
3399
34
340
3401
3402
3404
3405
3406
3408
3409
341
3410
3411
3412
3413
3414
3415
3416
3417
3418
3419
342
3421
3424
3425
3427
3428
343
3430
3431
3432
3433
3434
3435
3436
3439
344
3440
3441
3442
3443
3444
3445
3446
3447
3448
3449
345
3450
3451
3452
3453
3454
3456
3457
3458
346
3460
3463
3466
3468
3469
347
3471
3472
3473
3474
3475
3476
3477
3478
3480
3481
3482
3483
3484
3485
3486
3487
3488
3489
349
3490
3491
3493
3494
3495
3496
3497
35
350
3501
3503
3504
3505
3506
3508
3509
3510
3512
3513
3515
3516
3517
3518
3519
3520
3521
3522
3523
3524
3525
3527
3528
353
3530
3531
3532
3533
3534
3535
3536
3538
3539
3540
3541
3542
3543
3544
3546
3547
3548
3549
3550
3551
3553
3554
3556
3559
356
3560
3561
3562
3565
3566
3567
3568
357
3570
3571
3572
3573
3574
3575
3576
3577
3578
3579
3580
3581
3582
3583
3584
3585
3586
3587
3589
359
3590
3591
3592
3593
3595
3596
3598
36
360
3601
3602
3603
3604
3605
3606
3608
3609
361
3610
3611
3612
3613
3614
3615
3616
3617
3618
3619
362
3620
3622
3625
3626
3627
363
3630
3631
3633
3634
3636
3637
3638
3639
364
3640
3641
3643
3644
3645
3647
3648
3649
365
3650
3651
3652
3653
3655
3656
3657
3658
3660
3662
3663
3664
3665
3666
3667
3668
3669
367
3670
3671
3672
3673
3674
3675
3676
3677
3678
3679
368
3680
3681
3683
3684
3685
3686
3687
3688
369
3690
3691
3692
3693
3694
3695
3696
3697
3698
3699
370
3700
3701
3702
3704
3705
3706
3708
3709
371
3710
3711
3712
3713
3714
3715
3716
3717
3718
3719
372
3720
3721
3722
3723
3724
3725
3726
3727
3728
3729
373
3731
3732
3733
3734
3736
3737
3738
3739
3740
3741
3743
3744
3745
3746
3747
3748
3750
3751
3752
3753
3754
3756
3757
3758
3759
376
3760
3762
3763
3764
3766
3768
3769
377
3771
3772
3773
3777
3778
3779
378
3781
3782
3784
3785
3786
3787
3791
3792
3793
3794
3795
3796
3797
3798
3799
38
380
3801
3802
3803
3804
3805
3807
3808
3809
381
3810
3811
3812
3813
3814
3815
3816
3818
382
3820
3821
3822
3823
3824
3825
3826
3827
3828
3829
383
3832
3833
3835
3836
3837
3838
3840
3841
3842
3845
3846
3847
3848
3849
385
3851
386
387
389
39
390
391
392
393
394
395
396
397
4
40
401
403
405
406
407
409
41
410
411
412
413
414
415
416
417
418
419
42
420
421
422
423
425
427
429
43
430
432
433
434
435
436
438
439
44
440
441
444
445
447
448
449
45
450
452
453
456
457
458
459
460
461
462
463
464
465
466
467
468
469
47
470
471
473
474
475
476
477
478
479
480
482
484
486
487
488
489
49
490
491
492
493
494
496
497
498
499
5
50
501
502
503
504
505
506
508
509
51
510
511
512
513
514
515
516
519
52
521
522
523
524
525
526
528
53
533
536
537
54
541
542
543
544
545
546
547
548
549
55
550
552
553
554
555
556
557
558
559
561
562
563
564
565
566
567
568
57
570
571
572
573
574
575
576
578
579
58
580
582
583
584
585
587
588
589
59
590
591
592
594
595
597
598
6
60
600
603
604
605
607
610
611
612
613
614
615
616
617
618
619
62
620
621
622
623
624
625
626
627
628
629
63
630
631
632
634
636
637
639
64
640
642
643
644
646
647
649
650
651
652
653
654
655
657
658
659
66
660
661
662
663
664
665
666
667
669
67
670
671
673
674
675
678
680
681
682
683
684
685
686
687
689
69
690
691
693
694
695
697
699
70
700
701
704
706
707
708
71
710
712
713
715
716
717
718
719
72
720
722
723
724
726
727
728
729
73
730
731
732
733
735
736
737
738
739
74
740
741
742
743
744
745
746
747
748
749
75
750
751
752
755
756
758
759
76
760
761
762
764
765
767
768
769
77
770
771
773
774
778
779
78
780
781
782
783
784
785
786
787
788
79
791
792
793
794
795
796
798
799
8
80
802
803
804
805
806
807
808
809
81
810
811
813
815
817
818
82
820
821
822
823
824
825
826
827
828
830
832
836
837
838
839
84
840
841
842
843
844
845
846
847
848
849
85
850
851
852
853
854
855
858
859
86
860
861
862
863
864
866
869
87
870
871
872
873
874
875
876
877
878
88
880
882
883
884
885
886
888
889
89
891
892
895
896
898
899
9
901
902
903
904
905
906
907
908
91
910
911
912
914
915
916
917
918
919
92
920
921
922
923
924
925
926
927
928
929
93
930
931
932
933
934
935
936
937
938
939
94
940
941
942
943
944
945
947
948
95
950
951
952
954
955
957
958
959
96
960
961
963
964
965
966
967
968
969
97
970
971
972
973
974
975
977
978
979
98
980
981
982
983
984
985
986
988
989
99
990
991
992
993
994
995
996
997
999
uid
